0.22081
0.21871
0.21338
0.20605
0.19794
0.18982
0.18143
0.17187
0.16065
0.14879
0.13861
0.13216
0.12964
0.12951
0.12971
0.12875
0.1261
0.1219
0.11655
0.11045
0.10398
0.097353
0.090624
0.084007
0.077799
0.072001
0.066546
0.061524
0.056902
0.052625
0.048696
0.045161
0.042001
0.039146
0.036561
0.034219
0.032079
0.030074
0.028242
0.026557
0.024993
0.023546
0.022253
0.021056
0.019946
0.018926
0.017984
0.017107
0.016249
0.015421
0.014646
0.013922
0.013239
0.012617
0.012005
0.0114
0.010835
0.010302
0.0097868
0.0093378
0.0089447
0.0085783
0.0082226
0.0078534
0.0075094
0.0071861
0.0068554
0.0065435
0.00625
0.0059704
0.0057061
0.0054699
0.0052461
0.0050131
0.0047845
0.0045912
0.0043999
0.0042109
0.0040366
0.0038717
0.0037239
0.0035997
0.0034734
0.0033534
0.0032439
0.0031484
0.0030619
0.0029824
0.0029119
0.0028385
0.0027793
0.002735
0.0026987
0.0026771
0.002662
0.002654
0.0026552
