0.103334
0.102754
0.102057
0.101222
0.10024
0.0991071
0.0978238
0.0963915
0.0948134
0.0930944
0.091241
0.0892607
0.0871626
0.0849569
0.0826549
0.0802687
0.0778112
0.0752956
0.0727357
0.070145
0.067537
0.0649249
0.0623211
0.0597375
0.057185
0.0546735
0.052212
0.0498082
0.0474689
0.0451998
0.0430052
0.0408886
0.0388527
0.0368989
0.0350281
0.0332404
0.0315352
0.0299113
0.0283672
0.0269008
0.02551
0.024192
0.0229442
0.0217637
0.0206477
0.019593
0.0185967
0.0176559
0.0167676
0.015929
0.0151373
0.0143899
0.0136842
0.0130176
0.0123879
0.0117926
0.0112295
0.0106965
0.0101915
0.00971247
0.00925732
0.00882412
0.00841089
0.0080157
0.00763661
0.0072717
0.00691908
0.00657689
0.00624335
0.00591675
0.00559555
0.00527838
0.00496412
0.00465198
0.00434152
0.00403274
0.00372608
0.00342247
0.0031233
0.00283037
0.00254576
0.00227177
0.0020107
0.00176476
0.00153582
0.00132537
0.00113438
0.000963234
0.000811793
0.000679408
0.000565009
0.000467218
0.000384455
0.000315046
0.000257315
0.000209655
0.000170574
