0.0678887
0.120468
0.148912
0.169114
0.185057
0.198362
0.20985
0.219999
0.229113
0.237394
0.244987
0.251997
0.258502
0.264562
0.270227
0.275534
0.280515
0.285196
0.289599
0.293744
0.297647
0.301324
0.304787
0.30805
0.311123
0.314017
0.316742
0.319308
0.321724
0.323998
0.326139
0.328153
0.330049
0.331834
0.333514
0.335095
0.336584
0.337986
0.339307
0.340552
0.341725
0.342831
0.343874
0.344859
0.345789
0.346666
0.347496
0.34828
0.349021
0.349722
0.350386
0.351015
0.35161
0.352174
0.352709
0.353216
0.353697
0.354154
0.354588
0.355
0.355391
0.355762
0.356115
0.356451
0.35677
0.357073
0.357361
0.357635
0.357895
0.358142
0.358375
0.358597
0.358806
0.359003
0.359187
0.359361
0.359522
0.359671
0.359808
0.359934
0.360047
0.360149
0.360239
0.360318
0.360386
0.360445
0.360494
0.360534
0.360567
0.360593
0.360613
0.360628
0.360639
0.360647
0.360651
0.360654
0.360655
