2
1.98969
1.97938
1.96907
1.95876
1.94845
1.93814
1.92784
1.91753
1.90722
1.89691
1.8866
1.87629
1.86598
1.85567
1.84536
1.83505
1.82474
1.81443
1.80412
1.79381
1.78351
1.7732
1.76289
1.75258
1.74227
1.73196
1.72165
1.71134
1.70103
1.69072
1.68041
1.6701
1.65979
1.64948
1.63918
1.62887
1.61856
1.60825
1.59794
1.58763
1.57732
1.56701
1.5567
1.54639
1.53608
1.52577
1.51546
1.50515
1.49485
1.48454
1.47423
1.46392
1.45361
1.4433
1.43299
1.42268
1.41237
1.40206
1.39175
1.38144
1.37113
1.36082
1.35052
1.34021
1.3299
1.31959
1.30928
1.29897
1.28866
1.27835
1.26804
1.25773
1.24742
1.23711
1.2268
1.21649
1.20619
1.19588
1.18557
1.17526
1.16495
1.15464
1.14433
1.13402
1.12371
1.1134
1.10309
1.09278
1.08247
1.07217
1.06186
1.05155
1.04124
1.03093
1.02062
1.01031
