0.702106
0.485008
0.307686
0.239653
0.200505
0.173913
0.15414
0.138567
0.125799
0.115017
0.105706
0.0975234
0.0902328
0.0836658
0.0776971
0.0722365
0.0672138
0.0625716
0.0582675
0.0542686
0.0505452
0.0470755
0.0438383
0.0408158
0.0379953
0.035366
0.0329114
0.0306212
0.0284852
0.0264969
0.0246443
0.0229216
0.0213203
0.01983
0.0184449
0.0171601
0.0159677
0.0148589
0.0138321
0.0128798
0.0119957
0.0111753
0.0104162
0.00971073
0.00905626
0.00844816
0.00788411
0.00736078
0.0068755
0.00642391
0.00600385
0.00561384
0.00525071
0.00491123
0.00459361
0.00429899
0.00402461
0.00376698
0.00352698
0.00330249
0.00309209
0.00289577
0.00271134
0.00253805
0.00237371
0.00221965
0.00207368
0.00193502
0.00180424
0.00167917
0.00155901
0.00144292
0.00133263
0.00122397
0.00111979
0.00101772
0.0009203
0.00082678
0.000735734
0.00064921
0.000566737
0.000488939
0.000416923
0.000350105
0.000289062
0.000234922
0.000188286
0.000147389
0.000111717
8.22099e-05
5.88084e-05
3.91943e-05
2.43046e-05
1.3458e-05
5.87148e-06
1.54103e-06
1.11404e-07
