2.6647e-25
1.3969e-07
9.0456e-06
0.00010494
0.00060206
0.0023354
0.0069917
0.017217
0.036034
0.065303
0.10382
0.14658
0.18615
0.21568
0.23144
0.23342
0.22432
0.20792
0.18778
0.16664
0.14628
0.12768
0.11118
0.096842
0.084614
0.074295
0.065655
0.058489
0.05249
0.047362
0.042956
0.03916
0.035917
0.033205
0.030992
0.029157
0.027532
0.026055
0.024702
0.023437
0.02219
0.020976
0.019862
0.018885
0.018066
0.017377
0.016712
0.016077
0.015366
0.014605
0.013859
0.013183
0.012597
0.012071
0.011491
0.010843
0.010231
0.00972
0.0092366
0.0087686
0.0083829
0.0080935
0.0078341
0.0075482
0.0072144
0.006833
0.0064402
0.0060704
0.0056954
0.0053196
0.0049604
0.004621
0.0043113
0.0040136
0.0037254
0.0034572
0.0031834
0.0029098
0.0026465
0.0024006
0.0021765
0.0019681
0.0017668
0.0015785
0.0013951
0.0012172
0.0010415
0.0008671
0.0007029
0.0005521
0.00041552
0.00029369
0.00019045
0.00010748
4.6238e-05
8.7302e-06
-4.304e-06
