-1.65686
-2.45029
-2.42037
-2.43548
-2.44919
-2.45841
-2.46396
-2.46678
-2.46754
-2.46674
-2.46473
-2.46174
-2.45796
-2.45354
-2.44853
-2.44306
-2.43719
-2.43092
-2.42428
-2.41736
-2.41013
-2.40264
-2.39489
-2.38684
-2.37857
-2.37017
-2.3615
-2.35258
-2.3434
-2.33408
-2.3245
-2.31478
-2.30492
-2.29476
-2.28439
-2.27392
-2.26329
-2.25231
-2.2413
-2.23012
-2.2187
-2.20706
-2.19543
-2.18349
-2.17138
-2.15899
-2.14647
-2.13383
-2.12114
-2.10816
-2.09496
-2.08171
-2.06823
-2.05428
-2.03981
-2.02547
-2.01102
-1.99595
-1.98082
-1.96543
-1.9497
-1.93398
-1.91793
-1.90161
-1.88454
-1.86757
-1.85016
-1.83232
-1.81466
-1.79651
-1.77774
-1.75812
-1.73899
-1.71789
-1.6968
-1.67401
-1.65148
-1.62856
-1.60349
-1.57779
-1.55022
-1.52056
-1.48941
-1.45452
-1.41521
-1.37271
-1.32858
-1.27667
-1.21251
-1.13935
-1.05954
-0.954262
-0.831438
-0.686233
-0.503739
-0.287217
-0.0860203
