-0.396871
-0.540499
-0.499116
-0.482103
-0.471535
-0.464289
-0.459256
-0.455855
-0.453715
-0.452574
-0.452234
-0.452544
-0.45338
-0.454637
-0.456228
-0.458083
-0.460136
-0.462335
-0.46464
-0.467009
-0.469407
-0.471807
-0.474188
-0.476532
-0.478825
-0.481043
-0.483186
-0.485253
-0.487228
-0.489108
-0.490909
-0.492624
-0.494241
-0.495767
-0.497207
-0.498556
-0.499813
-0.500988
-0.502086
-0.503118
-0.504072
-0.504949
-0.505712
-0.506413
-0.507068
-0.507634
-0.508089
-0.508436
-0.508712
-0.508922
-0.50904
-0.509073
-0.509046
-0.508927
-0.508668
-0.508338
-0.507951
-0.507413
-0.506799
-0.506064
-0.505247
-0.504409
-0.50347
-0.502556
-0.501699
-0.500781
-0.499841
-0.498985
-0.498246
-0.497599
-0.497105
-0.496686
-0.496377
-0.496158
-0.495968
-0.495818
-0.495659
-0.495407
-0.494806
-0.49365
-0.491757
-0.489164
-0.485455
-0.480099
-0.472698
-0.462724
-0.45017
-0.434941
-0.416362
-0.393072
-0.363603
-0.328729
-0.286867
-0.234341
-0.170051
-0.0919906
-0.0245345
