3.07954
5.6577
7.16076
8.2788
9.18964
9.96676
10.6482
11.2566
11.8065
12.3078
12.7678
13.1921
13.5847
13.949
14.2877
14.6032
14.8974
15.1719
15.4281
15.6674
15.891
16.0999
16.295
16.4773
16.6476
16.8066
16.9552
17.094
17.2236
17.3446
17.4577
17.5632
17.6618
17.7539
17.84
17.9204
17.9956
18.0659
18.1316
18.1931
18.2507
18.3046
18.3551
18.4024
18.4468
18.4884
18.5275
18.5642
18.5986
18.631
18.6614
18.6901
18.717
18.7424
18.7663
18.7889
18.8101
18.8301
18.849
18.8668
18.8837
18.8995
18.9145
18.9287
18.9421
18.9547
18.9666
18.9778
18.9883
18.9983
19.0076
19.0164
19.0245
19.0321
19.0392
19.0458
19.0518
19.0572
19.0622
19.0667
19.0707
19.0742
19.0773
19.08
19.0823
19.0842
19.0858
19.0871
19.0882
19.089
19.0897
19.0902
19.0905
19.0908
19.0909
19.091
19.0911
