4.2121e-11
0.052634
0.21048
0.47335
0.84089
1.3123
1.8856
2.5566
3.3169
4.1522
5.0414
5.9581
6.8732
7.7596
8.5955
9.3663
10.065
10.689
11.244
11.733
12.165
12.547
12.885
13.187
13.456
13.699
13.921
14.123
14.311
14.485
14.649
14.803
14.948
15.088
15.221
15.352
15.479
15.604
15.727
15.848
15.966
16.082
16.195
16.306
16.416
16.524
16.632
16.739
16.844
16.948
17.049
17.148
17.245
17.342
17.437
17.531
17.622
17.711
17.799
17.885
17.971
18.056
18.141
18.226
18.311
18.395
18.478
18.558
18.638
18.715
18.79
18.863
18.934
19.003
19.071
19.137
19.2
19.262
19.321
19.378
19.433
19.486
19.538
19.587
19.635
19.681
19.725
19.766
19.804
19.838
19.869
19.896
19.918
19.935
19.948
19.956
19.959
