-0.0231214
-0.0099459
-0.00597144
-0.00443697
-0.00359031
-0.00304331
-0.00265606
-0.00236462
-0.00213534
-0.00194868
-0.00179251
-0.0016589
-0.00154245
-0.00143934
-0.00134682
-0.00126289
-0.00118604
-0.00111514
-0.00104933
-0.000987931
-0.000930433
-0.000876428
-0.000825599
-0.000777693
-0.000732502
-0.000689835
-0.00064956
-0.000611557
-0.000575698
-0.000541881
-0.000510027
-0.000480036
-0.000451809
-0.000425264
-0.000400321
-0.000376893
-0.000354899
-0.000334266
-0.000314921
-0.000296794
-0.000279804
-0.000263883
-0.000248946
-0.000234957
-0.00022186
-0.000209579
-0.000198052
-0.00018723
-0.000177082
-0.000167563
-0.000158622
-0.000150222
-0.000142335
-0.000134916
-0.000127921
-0.00012134
-0.000115146
-0.000109293
-0.000103772
-9.8552e-05
-9.36169e-05
-8.89562e-05
-8.45332e-05
-8.03481e-05
-7.63825e-05
-7.25961e-05
-6.89743e-05
-6.55099e-05
-6.21845e-05
-5.89724e-05
-5.58592e-05
-5.28154e-05
-4.98266e-05
-4.68743e-05
-4.39403e-05
-4.10173e-05
-3.80979e-05
-3.51786e-05
-3.22519e-05
-2.93252e-05
-2.64169e-05
-2.35634e-05
-2.0783e-05
-1.80978e-05
-1.55406e-05
-1.31408e-05
-1.09384e-05
-8.95927e-06
-7.20693e-06
-5.67043e-06
-4.33879e-06
-3.223e-06
-2.29744e-06
-1.52553e-06
-8.96293e-07
-3.91442e-07
-8.41418e-08
