0.00390994
0.012379
0.0190396
0.0247507
0.029917
0.0347518
0.0393869
0.0439136
0.0484007
0.0529035
0.0574694
0.0621405
0.0669554
0.071951
0.0771626
0.0826252
0.0883732
0.0944415
0.100865
0.10768
0.114921
0.122626
0.130832
0.139578
0.148903
0.158845
0.169445
0.180745
0.192784
0.205606
0.219251
0.233763
0.249183
0.265555
0.28292
0.301322
0.320802
0.341404
0.363171
0.386144
0.410367
0.435883
0.462735
0.490966
0.520621
0.551744
0.584382
0.618579
0.654384
0.691844
0.73101
0.771933
0.814666
0.859265
0.905789
0.954298
1.00486
1.05756
1.11247
1.1697
1.22937
1.29164
1.35669
1.42477
1.49618
1.57134
1.65074
1.73506
1.82514
1.92205
2.02716
2.14218
2.26927
2.41113
2.57114
2.75353
2.96357
3.20788
3.49473
3.83453
4.24037
4.72881
5.32077
6.04282
6.92866
8.02114
9.37468
11.0584
13.16
15.7903
19.0894
23.2334
28.4427
34.9916
43.2178
53.5316
66.4203
